0.8222222222222222  0.0  0.0  0.0  0.0  0.0  0.0  0.0  0.0  0.0  0.0  0.0  0.0  0.0  0.0  0.0  0.0  0.0  0.0  0.0  0.0  0.0  0.0  0.13333333333333333  0.044444444444444446  0.0  0.0  0.0  0.0  0.0  0.0  0.0  0.0  0.0  0.0  0.0  0.0  0.0  0.0  0.0  

0.0  0.8928571428571429  0.0  0.0  0.0  0.0  0.0  0.0  0.0  0.0  0.0  0.0  0.0  0.0  0.0  0.0  0.0  0.0  0.0  0.0  0.0  0.0  0.0  0.0  0.0  0.08928571428571429  0.0  0.0  0.0  0.0  0.0  0.0  0.0  0.0  0.0  0.0  0.0  0.0  0.0  0.017857142857142856  

0.0  0.0  0.8571428571428571  0.02040816326530612  0.0  0.0  0.0  0.0  0.02040816326530612  0.0  0.0  0.0  0.0  0.0  0.0  0.02040816326530612  0.0  0.0  0.0  0.0  0.0  0.0  0.0  0.0  0.0  0.0  0.0  0.0  0.0  0.04081632653061224  0.0  0.0  0.0  0.0  0.0  0.0  0.0  0.0  0.0  0.04081632653061224  

0.0  0.0  0.0  0.7959183673469388  0.0  0.0  0.0  0.02040816326530612  0.0  0.0  0.0  0.0  0.0  0.0  0.0  0.0  0.0  0.02040816326530612  0.0  0.0  0.0  0.0  0.0  0.04081632653061224  0.0  0.0  0.0  0.02040816326530612  0.0  0.0  0.0  0.0  0.0  0.0  0.0  0.0  0.0  0.04081632653061224  0.0  0.061224489795918366  

0.0  0.0  0.0  0.0  0.9772727272727273  0.0  0.0  0.0  0.0  0.0  0.0  0.0  0.0  0.0  0.0  0.022727272727272728  0.0  0.0  0.0  0.0  0.0  0.0  0.0  0.0  0.0  0.0  0.0  0.0  0.0  0.0  0.0  0.0  0.0  0.0  0.0  0.0  0.0  0.0  0.0  0.0  

0.0  0.0  0.07692307692307693  0.0  0.0  0.9230769230769231  0.0  0.0  0.0  0.0  0.0  0.0  0.0  0.0  0.0  0.0  0.0  0.0  0.0  0.0  0.0  0.0  0.0  0.0  0.0  0.0  0.0  0.0  0.0  0.0  0.0  0.0  0.0  0.0  0.0  0.0  0.0  0.0  0.0  0.0  

0.0  0.0  0.0  0.0  0.0  0.0  0.8333333333333334  0.0  0.08333333333333333  0.08333333333333333  0.0  0.0  0.0  0.0  0.0  0.0  0.0  0.0  0.0  0.0  0.0  0.0  0.0  0.0  0.0  0.0  0.0  0.0  0.0  0.0  0.0  0.0  0.0  0.0  0.0  0.0  0.0  0.0  0.0  0.0  

0.03571428571428571  0.0  0.0  0.0  0.0  0.0  0.0  0.8571428571428571  0.0  0.0  0.0  0.0  0.0  0.0  0.0  0.03571428571428571  0.0  0.0  0.0  0.0  0.0  0.0  0.03571428571428571  0.0  0.0  0.0  0.0  0.0  0.0  0.0  0.0  0.0  0.0  0.03571428571428571  0.0  0.0  0.0  0.0  0.0  0.0  

0.0  0.0  0.029411764705882353  0.0  0.0  0.0  0.0  0.0  0.8529411764705882  0.029411764705882353  0.0  0.0  0.0  0.0  0.0  0.0  0.0  0.0  0.0  0.0  0.0  0.0  0.0  0.029411764705882353  0.0  0.0  0.0  0.0  0.0  0.029411764705882353  0.029411764705882353  0.0  0.0  0.0  0.0  0.0  0.0  0.0  0.0  0.0  

0.0  0.029411764705882353  0.0  0.0  0.0  0.0  0.0  0.0  0.058823529411764705  0.8823529411764706  0.0  0.0  0.0  0.0  0.0  0.0  0.0  0.0  0.0  0.0  0.0  0.0  0.0  0.0  0.0  0.0  0.0  0.0  0.0  0.029411764705882353  0.0  0.0  0.0  0.0  0.0  0.0  0.0  0.0  0.0  0.0  

0.0  0.0  0.0  0.0  0.0  0.0  0.0  0.0  0.0  0.0  0.9428571428571428  0.0  0.0  0.0  0.0  0.0  0.0  0.0  0.0  0.0  0.0  0.0  0.0  0.02857142857142857  0.0  0.0  0.0  0.0  0.02857142857142857  0.0  0.0  0.0  0.0  0.0  0.0  0.0  0.0  0.0  0.0  0.0  

0.0  0.0  0.05555555555555555  0.0  0.0  0.0  0.0  0.0  0.05555555555555555  0.0  0.0  0.8333333333333334  0.0  0.0  0.0  0.0  0.0  0.0  0.0  0.0  0.0  0.0  0.0  0.0  0.0  0.0  0.05555555555555555  0.0  0.0  0.0  0.0  0.0  0.0  0.0  0.0  0.0  0.0  0.0  0.0  0.0  

0.0  0.0  0.0  0.0  0.0  0.0  0.0  0.0  0.0  0.0  0.0  0.0  1.0  0.0  0.0  0.0  0.0  0.0  0.0  0.0  0.0  0.0  0.0  0.0  0.0  0.0  0.0  0.0  0.0  0.0  0.0  0.0  0.0  0.0  0.0  0.0  0.0  0.0  0.0  0.0  

0.0  0.0  0.0  0.0  0.0  0.0  0.0  0.0  0.0  0.0  0.0  0.0  0.0  1.0  0.0  0.0  0.0  0.0  0.0  0.0  0.0  0.0  0.0  0.0  0.0  0.0  0.0  0.0  0.0  0.0  0.0  0.0  0.0  0.0  0.0  0.0  0.0  0.0  0.0  0.0  

0.0  0.0  0.0  0.0  0.0  0.0  0.0  0.0  0.0  0.0  0.0  0.0  0.04  0.0  0.84  0.0  0.0  0.0  0.0  0.0  0.0  0.0  0.0  0.0  0.04  0.0  0.0  0.0  0.0  0.0  0.08  0.0  0.0  0.0  0.0  0.0  0.0  0.0  0.0  0.0  

0.03571428571428571  0.0  0.0  0.0  0.0  0.0  0.0  0.0  0.0  0.0  0.0  0.0  0.03571428571428571  0.0  0.0  0.8928571428571429  0.0  0.0  0.0  0.0  0.0  0.0  0.0  0.0  0.0  0.0  0.0  0.0  0.0  0.0  0.0  0.03571428571428571  0.0  0.0  0.0  0.0  0.0  0.0  0.0  0.0  

0.0  0.0  0.0  0.0  0.0  0.0  0.0  0.0  0.0  0.0  0.0  0.0  0.0  0.0  0.0  0.0  1.0  0.0  0.0  0.0  0.0  0.0  0.0  0.0  0.0  0.0  0.0  0.0  0.0  0.0  0.0  0.0  0.0  0.0  0.0  0.0  0.0  0.0  0.0  0.0  

0.0  0.0  0.0  0.125  0.0  0.0  0.0  0.0  0.0  0.0  0.0  0.0  0.0  0.0  0.0  0.0  0.0  0.4375  0.0  0.0  0.0  0.0  0.0  0.375  0.0  0.0  0.0  0.0  0.0  0.0  0.0625  0.0  0.0  0.0  0.0  0.0  0.0  0.0  0.0  0.0  

0.0  0.0  0.0  0.0  0.0  0.0  0.0  0.0  0.0  0.0  0.0  0.0  0.0  0.0  0.0  0.07142857142857142  0.0  0.0  0.9285714285714286  0.0  0.0  0.0  0.0  0.0  0.0  0.0  0.0  0.0  0.0  0.0  0.0  0.0  0.0  0.0  0.0  0.0  0.0  0.0  0.0  0.0  

0.0  0.0  0.0  0.0  0.0  0.0  0.0  0.0  0.0  0.0  0.0  0.0  0.0  0.0  0.0  0.0  0.0  0.0  0.0  1.0  0.0  0.0  0.0  0.0  0.0  0.0  0.0  0.0  0.0  0.0  0.0  0.0  0.0  0.0  0.0  0.0  0.0  0.0  0.0  0.0  

0.0  0.0  0.07142857142857142  0.0  0.0  0.0  0.0  0.0  0.0  0.0  0.0  0.0  0.0  0.0  0.0  0.07142857142857142  0.0  0.0  0.0  0.0  0.7142857142857143  0.0  0.0  0.0  0.0  0.0  0.0  0.0  0.0  0.14285714285714285  0.0  0.0  0.0  0.0  0.0  0.0  0.0  0.0  0.0  0.0  

0.0  0.0  0.0  0.0  0.0  0.0  0.0  0.0  0.0  0.0  0.0  0.0  0.0  0.0  0.0  0.0  0.0  0.0  0.0  0.0  0.0  1.0  0.0  0.0  0.0  0.0  0.0  0.0  0.0  0.0  0.0  0.0  0.0  0.0  0.0  0.0  0.0  0.0  0.0  0.0  

0.0  0.0  0.0  0.0  0.0  0.0  0.0  0.0  0.0  0.0  0.0  0.0  0.0  0.0  0.0  0.0  0.0  0.0  0.0  0.0  0.0  0.0  0.96875  0.0  0.0  0.0  0.0  0.0  0.0  0.0  0.0  0.03125  0.0  0.0  0.0  0.0  0.0  0.0  0.0  0.0  

0.0  0.0  0.0  0.0  0.0  0.0  0.0  0.0  0.0  0.0  0.0  0.0  0.0  0.0  0.0  0.0  0.0  0.0  0.0  0.0  0.0  0.0  0.0  0.925  0.0  0.0  0.0  0.0  0.025  0.0  0.0  0.0  0.0  0.0  0.0  0.0  0.0  0.05  0.0  0.0  

0.037037037037037035  0.037037037037037035  0.0  0.0  0.0  0.0  0.0  0.0  0.0  0.0  0.0  0.0  0.0  0.0  0.0  0.037037037037037035  0.0  0.0  0.0  0.0  0.0  0.0  0.0  0.037037037037037035  0.8518518518518519  0.0  0.0  0.0  0.0  0.0  0.0  0.0  0.0  0.0  0.0  0.0  0.0  0.0  0.0  0.0  

0.0  0.043478260869565216  0.0  0.0  0.0  0.0  0.0  0.0  0.0  0.0  0.0  0.0  0.0  0.0  0.0  0.0  0.0  0.0  0.0  0.0  0.0  0.0  0.0  0.08695652173913043  0.0  0.8260869565217391  0.0  0.0  0.0  0.0  0.0  0.0  0.0  0.0  0.0  0.0  0.0  0.043478260869565216  0.0  0.0  

0.0  0.0  0.0  0.0  0.0  0.0  0.0  0.0  0.0  0.0  0.0  0.0  0.0  0.0  0.0  0.0  0.0  0.0  0.0  0.0  0.0  0.0  0.0  0.09523809523809523  0.0  0.0  0.6666666666666666  0.0  0.0  0.0  0.0  0.0  0.0  0.0  0.0  0.0  0.0  0.23809523809523808  0.0  0.0  

0.0  0.0  0.0  0.0  0.0  0.0  0.034482758620689655  0.0  0.0  0.0  0.0  0.0  0.0  0.0  0.034482758620689655  0.0  0.0  0.0  0.0  0.0  0.0  0.0  0.0  0.0  0.0  0.0  0.034482758620689655  0.8275862068965517  0.0  0.0  0.0  0.0  0.0  0.0  0.0  0.0  0.0  0.06896551724137931  0.0  0.0  

0.0  0.0  0.0  0.0  0.0  0.0  0.0  0.0  0.0  0.0  0.0  0.0  0.0  0.0  0.0  0.0  0.0  0.0  0.0  0.0  0.0  0.0  0.0  0.0  0.0  0.0  0.0  0.0  1.0  0.0  0.0  0.0  0.0  0.0  0.0  0.0  0.0  0.0  0.0  0.0  

0.0  0.027777777777777776  0.0  0.0  0.0  0.0  0.0  0.0  0.027777777777777776  0.0  0.0  0.0  0.0  0.0  0.0  0.027777777777777776  0.0  0.0  0.0  0.0  0.0  0.0  0.0  0.0  0.0  0.0  0.0  0.0  0.0  0.9166666666666666  0.0  0.0  0.0  0.0  0.0  0.0  0.0  0.0  0.0  0.0  

0.0  0.0  0.0  0.0  0.0  0.0  0.0  0.0  0.0  0.0  0.0  0.0  0.0  0.0  0.0  0.0  0.0  0.0  0.0  0.04  0.0  0.0  0.0  0.04  0.0  0.0  0.0  0.04  0.0  0.0  0.88  0.0  0.0  0.0  0.0  0.0  0.0  0.0  0.0  0.0  

0.0  0.0  0.0  0.0  0.0  0.0  0.0  0.0  0.0  0.0  0.0  0.0  0.07692307692307693  0.0  0.0  0.038461538461538464  0.0  0.0  0.0  0.0  0.0  0.0  0.0  0.0  0.0  0.0  0.0  0.0  0.0  0.0  0.0  0.8846153846153846  0.0  0.0  0.0  0.0  0.0  0.0  0.0  0.0  

0.0  0.0  0.041666666666666664  0.0  0.0  0.0  0.0  0.0  0.0  0.0  0.0  0.0  0.0  0.0  0.0  0.0  0.0  0.0  0.0  0.0  0.0  0.0  0.0  0.0  0.0  0.0  0.0  0.0  0.0  0.041666666666666664  0.0  0.08333333333333333  0.8333333333333334  0.0  0.0  0.0  0.0  0.0  0.0  0.0  

0.0  0.0  0.03125  0.0  0.0  0.0  0.0  0.0  0.0  0.0  0.0  0.0  0.0  0.0  0.0  0.0  0.0  0.0  0.0  0.0  0.0  0.0  0.0  0.0  0.0  0.0  0.0  0.0  0.0  0.0  0.0  0.0  0.0  0.96875  0.0  0.0  0.0  0.0  0.0  0.0  

0.0  0.0  0.0  0.0  0.0  0.0  0.0  0.0  0.0  0.0  0.0  0.0  0.0  0.0  0.0  0.0  0.0  0.0  0.0  0.0  0.0  0.0  0.0  0.0  0.0  0.0  0.0  0.0  0.0  0.0  0.0  0.0  0.0  0.0  1.0  0.0  0.0  0.0  0.0  0.0  

0.0  0.0  0.0  0.0  0.0  0.0  0.0  0.0  0.0  0.0  0.0  0.0  0.0  0.0  0.0  0.038461538461538464  0.07692307692307693  0.0  0.0  0.0  0.0  0.0  0.038461538461538464  0.0  0.0  0.0  0.0  0.0  0.0  0.0  0.0  0.0  0.0  0.0  0.0  0.8076923076923077  0.038461538461538464  0.0  0.0  0.0  

0.0  0.0  0.0  0.0  0.0  0.0  0.0  0.0  0.0  0.0  0.0  0.0  0.0  0.0  0.0  0.0  0.0  0.0  0.0  0.0  0.0  0.0  0.0  0.0  0.0  0.0  0.0  0.0  0.0  0.0  0.0  0.0  0.0  0.0  0.0  0.0  1.0  0.0  0.0  0.0  

0.0  0.0  0.0  0.0  0.0  0.0  0.0  0.0  0.0  0.0  0.0  0.0  0.0  0.0  0.0  0.0  0.0  0.03571428571428571  0.0  0.0  0.0  0.0  0.0  0.0  0.0  0.0  0.03571428571428571  0.07142857142857142  0.0  0.0  0.0  0.0  0.0  0.0  0.0  0.0  0.0  0.8571428571428571  0.0  0.0  

0.0  0.038461538461538464  0.0  0.0  0.0  0.0  0.0  0.0  0.0  0.0  0.0  0.0  0.0  0.0  0.0  0.0  0.0  0.0  0.0  0.0  0.0  0.0  0.0  0.0  0.0  0.0  0.0  0.0  0.0  0.0  0.0  0.0  0.0  0.0  0.0  0.0  0.0  0.0  0.9615384615384616  0.0  

0.0  0.0  0.21739130434782608  0.0  0.0  0.0  0.0  0.0  0.0  0.0  0.0  0.0  0.0  0.0  0.0  0.0  0.0  0.043478260869565216  0.0  0.0  0.0  0.0  0.0  0.08695652173913043  0.0  0.0  0.0  0.0  0.0  0.0  0.0  0.0  0.0  0.0  0.0  0.0  0.0  0.0  0.0  0.6521739130434783  

