0.8444444444444444  0.0  0.0  0.0  0.0  0.0  0.0  0.0  0.0  0.0  0.0  0.0  0.0  0.0  0.0  0.0  0.0  0.022222222222222223  0.0  0.0  0.0  0.0  0.0  0.1111111111111111  0.022222222222222223  0.0  0.0  0.0  0.0  0.0  0.0  0.0  0.0  0.0  0.0  0.0  0.0  0.0  0.0  0.0  

0.0  0.8928571428571429  0.0  0.0  0.0  0.0  0.0  0.0  0.0  0.0  0.0  0.0  0.0  0.0  0.0  0.0  0.0  0.0  0.0  0.0  0.0  0.0  0.0  0.0  0.0  0.10714285714285714  0.0  0.0  0.0  0.0  0.0  0.0  0.0  0.0  0.0  0.0  0.0  0.0  0.0  0.0  

0.02040816326530612  0.0  0.7755102040816326  0.02040816326530612  0.0  0.0  0.0  0.02040816326530612  0.0  0.0  0.0  0.0  0.0  0.0  0.0  0.02040816326530612  0.0  0.0  0.0  0.0  0.04081632653061224  0.0  0.0  0.0  0.0  0.0  0.0  0.0  0.0  0.061224489795918366  0.0  0.0  0.0  0.0  0.0  0.0  0.0  0.0  0.0  0.04081632653061224  

0.0  0.0  0.0  0.7755102040816326  0.0  0.0  0.0  0.02040816326530612  0.0  0.0  0.0  0.0  0.0  0.0  0.0  0.0  0.0  0.16326530612244897  0.0  0.0  0.0  0.0  0.0  0.0  0.0  0.0  0.0  0.0  0.0  0.0  0.0  0.0  0.0  0.0  0.0  0.0  0.0  0.04081632653061224  0.0  0.0  

0.022727272727272728  0.0  0.0  0.0  0.9090909090909091  0.0  0.0  0.022727272727272728  0.0  0.0  0.0  0.0  0.022727272727272728  0.0  0.0  0.0  0.0  0.0  0.0  0.0  0.0  0.0  0.0  0.0  0.0  0.0  0.0  0.0  0.0  0.022727272727272728  0.0  0.0  0.0  0.0  0.0  0.0  0.0  0.0  0.0  0.0  

0.0  0.0  0.0  0.0  0.0  1.0  0.0  0.0  0.0  0.0  0.0  0.0  0.0  0.0  0.0  0.0  0.0  0.0  0.0  0.0  0.0  0.0  0.0  0.0  0.0  0.0  0.0  0.0  0.0  0.0  0.0  0.0  0.0  0.0  0.0  0.0  0.0  0.0  0.0  0.0  

0.0  0.0  0.0  0.0  0.0  0.0  0.9166666666666666  0.0  0.08333333333333333  0.0  0.0  0.0  0.0  0.0  0.0  0.0  0.0  0.0  0.0  0.0  0.0  0.0  0.0  0.0  0.0  0.0  0.0  0.0  0.0  0.0  0.0  0.0  0.0  0.0  0.0  0.0  0.0  0.0  0.0  0.0  

0.0  0.0  0.0  0.0  0.0  0.0  0.0  0.8571428571428571  0.0  0.0  0.0  0.0  0.0  0.0  0.0  0.0  0.0  0.0  0.0  0.0  0.0  0.0  0.03571428571428571  0.0  0.0  0.0  0.0  0.0  0.0  0.0  0.0  0.07142857142857142  0.0  0.03571428571428571  0.0  0.0  0.0  0.0  0.0  0.0  

0.029411764705882353  0.0  0.0  0.0  0.0  0.0  0.0  0.0  0.7352941176470589  0.029411764705882353  0.0  0.0  0.0  0.0  0.0  0.0  0.0  0.0  0.0  0.0  0.029411764705882353  0.0  0.0  0.029411764705882353  0.0  0.0  0.0  0.0  0.029411764705882353  0.058823529411764705  0.029411764705882353  0.029411764705882353  0.0  0.0  0.0  0.0  0.0  0.0  0.0  0.0  

0.0  0.029411764705882353  0.0  0.0  0.0  0.0  0.029411764705882353  0.029411764705882353  0.0  0.7647058823529411  0.0  0.0  0.0  0.0  0.0  0.0  0.0  0.0  0.0  0.0  0.029411764705882353  0.0  0.0  0.0  0.0  0.0  0.0  0.0  0.0  0.058823529411764705  0.0  0.0  0.0  0.0  0.0  0.0  0.058823529411764705  0.0  0.0  0.0  

0.0  0.0  0.0  0.0  0.0  0.0  0.0  0.0  0.0  0.0  0.9142857142857143  0.0  0.0  0.0  0.0  0.0  0.0  0.02857142857142857  0.0  0.0  0.0  0.0  0.0  0.0  0.0  0.0  0.0  0.0  0.05714285714285714  0.0  0.0  0.0  0.0  0.0  0.0  0.0  0.0  0.0  0.0  0.0  

0.0  0.0  0.0  0.0  0.0  0.0  0.0  0.0  0.05555555555555555  0.0  0.0  0.8333333333333334  0.0  0.0  0.0  0.0  0.0  0.0  0.0  0.0  0.0  0.0  0.0  0.0  0.0  0.05555555555555555  0.05555555555555555  0.0  0.0  0.0  0.0  0.0  0.0  0.0  0.0  0.0  0.0  0.0  0.0  0.0  

0.0  0.0  0.0  0.0  0.0  0.0  0.0  0.0  0.0  0.0  0.0  0.0  1.0  0.0  0.0  0.0  0.0  0.0  0.0  0.0  0.0  0.0  0.0  0.0  0.0  0.0  0.0  0.0  0.0  0.0  0.0  0.0  0.0  0.0  0.0  0.0  0.0  0.0  0.0  0.0  

0.0  0.0  0.0  0.0  0.0  0.0  0.0  0.0  0.0  0.0  0.0  0.0  0.0  1.0  0.0  0.0  0.0  0.0  0.0  0.0  0.0  0.0  0.0  0.0  0.0  0.0  0.0  0.0  0.0  0.0  0.0  0.0  0.0  0.0  0.0  0.0  0.0  0.0  0.0  0.0  

0.0  0.0  0.0  0.0  0.0  0.0  0.0  0.0  0.0  0.0  0.0  0.0  0.04  0.0  0.84  0.0  0.0  0.0  0.0  0.0  0.0  0.0  0.0  0.0  0.04  0.0  0.0  0.0  0.0  0.0  0.08  0.0  0.0  0.0  0.0  0.0  0.0  0.0  0.0  0.0  

0.03571428571428571  0.0  0.0  0.0  0.0  0.0  0.0  0.0  0.0  0.0  0.0  0.0  0.03571428571428571  0.0  0.0  0.8214285714285714  0.0  0.0  0.0  0.0  0.0  0.0  0.0  0.0  0.0  0.0  0.0  0.0  0.0  0.0  0.0  0.07142857142857142  0.0  0.0  0.0  0.0  0.03571428571428571  0.0  0.0  0.0  

0.0  0.0  0.0  0.0  0.0  0.0  0.0  0.0  0.0  0.0  0.0  0.0  0.0  0.0  0.0  0.0  1.0  0.0  0.0  0.0  0.0  0.0  0.0  0.0  0.0  0.0  0.0  0.0  0.0  0.0  0.0  0.0  0.0  0.0  0.0  0.0  0.0  0.0  0.0  0.0  

0.0  0.0  0.0  0.125  0.0  0.0  0.0  0.0  0.0  0.0  0.0  0.0  0.0  0.0  0.0  0.0  0.0  0.6875  0.0  0.0  0.0  0.0  0.0  0.125  0.0  0.0  0.0  0.0  0.0  0.0  0.0625  0.0  0.0  0.0  0.0  0.0  0.0  0.0  0.0  0.0  

0.0  0.0  0.0  0.0  0.0  0.0  0.0  0.0  0.0  0.0  0.0  0.0  0.0  0.0  0.0  0.07142857142857142  0.0  0.0  0.9285714285714286  0.0  0.0  0.0  0.0  0.0  0.0  0.0  0.0  0.0  0.0  0.0  0.0  0.0  0.0  0.0  0.0  0.0  0.0  0.0  0.0  0.0  

0.0  0.0  0.0  0.0  0.0  0.0  0.0  0.0  0.0  0.0  0.0  0.0  0.0  0.0  0.0  0.0  0.0  0.0  0.0  1.0  0.0  0.0  0.0  0.0  0.0  0.0  0.0  0.0  0.0  0.0  0.0  0.0  0.0  0.0  0.0  0.0  0.0  0.0  0.0  0.0  

0.0  0.0  0.0  0.0  0.0  0.0  0.0  0.0  0.0  0.0  0.0  0.0  0.0  0.0  0.0  0.07142857142857142  0.0  0.0  0.0  0.0  0.8571428571428571  0.0  0.0  0.0  0.0  0.0  0.0  0.0  0.0  0.07142857142857142  0.0  0.0  0.0  0.0  0.0  0.0  0.0  0.0  0.0  0.0  

0.0  0.0  0.0  0.0  0.0  0.0  0.0  0.0  0.0  0.0  0.0  0.0  0.0  0.0  0.0  0.0  0.0  0.0  0.0  0.0  0.0  1.0  0.0  0.0  0.0  0.0  0.0  0.0  0.0  0.0  0.0  0.0  0.0  0.0  0.0  0.0  0.0  0.0  0.0  0.0  

0.0  0.0  0.0  0.0  0.0  0.0  0.0  0.0  0.0  0.0  0.0  0.0  0.0  0.0  0.0  0.0  0.0  0.0  0.0  0.0  0.0  0.0  0.9375  0.0  0.0  0.0  0.0  0.0  0.0  0.0  0.0  0.0625  0.0  0.0  0.0  0.0  0.0  0.0  0.0  0.0  

0.0  0.0  0.0  0.0  0.0  0.0  0.0  0.0  0.0  0.0  0.0  0.0  0.0  0.0  0.0  0.0  0.0  0.15  0.0  0.0  0.0  0.0  0.0  0.75  0.0  0.0  0.025  0.0  0.025  0.0  0.0  0.0  0.0  0.0  0.0  0.0  0.0  0.05  0.0  0.0  

0.0  0.037037037037037035  0.0  0.0  0.0  0.0  0.0  0.0  0.0  0.0  0.0  0.0  0.0  0.037037037037037035  0.0  0.037037037037037035  0.0  0.0  0.0  0.0  0.0  0.0  0.0  0.0  0.8518518518518519  0.0  0.0  0.0  0.0  0.0  0.0  0.037037037037037035  0.0  0.0  0.0  0.0  0.0  0.0  0.0  0.0  

0.0  0.043478260869565216  0.0  0.0  0.0  0.0  0.0  0.0  0.0  0.0  0.0  0.0  0.0  0.0  0.0  0.0  0.0  0.0  0.0  0.0  0.0  0.0  0.0  0.08695652173913043  0.0  0.8260869565217391  0.0  0.0  0.0  0.0  0.0  0.0  0.0  0.0  0.0  0.0  0.0  0.043478260869565216  0.0  0.0  

0.0  0.0  0.0  0.0  0.0  0.0  0.0  0.0  0.0  0.0  0.0  0.0  0.0  0.0  0.0  0.0  0.0  0.047619047619047616  0.0  0.0  0.0  0.0  0.0  0.047619047619047616  0.0  0.0  0.6190476190476191  0.0  0.0  0.0  0.0  0.0  0.0  0.0  0.0  0.0  0.0  0.2857142857142857  0.0  0.0  

0.0  0.0  0.0  0.0  0.0  0.0  0.034482758620689655  0.0  0.0  0.0  0.0  0.0  0.0  0.0  0.034482758620689655  0.0  0.0  0.0  0.0  0.0  0.0  0.0  0.0  0.0  0.0  0.0  0.034482758620689655  0.7931034482758621  0.0  0.0  0.0  0.0  0.0  0.0  0.0  0.0  0.0  0.10344827586206896  0.0  0.0  

0.0  0.0  0.0  0.0  0.0  0.0  0.0  0.0  0.0  0.0  0.0  0.0  0.0  0.0  0.0  0.0  0.0  0.0  0.0  0.0  0.0  0.0  0.0  0.0  0.0  0.0  0.0  0.0  1.0  0.0  0.0  0.0  0.0  0.0  0.0  0.0  0.0  0.0  0.0  0.0  

0.0  0.027777777777777776  0.0  0.0  0.0  0.0  0.0  0.0  0.027777777777777776  0.0  0.0  0.0  0.0  0.0  0.0  0.027777777777777776  0.0  0.0  0.0  0.0  0.027777777777777776  0.0  0.0  0.0  0.0  0.0  0.0  0.0  0.0  0.8888888888888888  0.0  0.0  0.0  0.0  0.0  0.0  0.0  0.0  0.0  0.0  

0.0  0.0  0.0  0.0  0.0  0.0  0.0  0.0  0.0  0.0  0.0  0.0  0.0  0.0  0.0  0.0  0.04  0.04  0.0  0.0  0.0  0.0  0.0  0.0  0.0  0.0  0.0  0.0  0.0  0.0  0.88  0.0  0.0  0.0  0.0  0.0  0.0  0.04  0.0  0.0  

0.0  0.0  0.0  0.0  0.0  0.0  0.0  0.0  0.0  0.0  0.0  0.0  0.07692307692307693  0.0  0.0  0.038461538461538464  0.0  0.0  0.0  0.0  0.0  0.0  0.0  0.0  0.0  0.0  0.0  0.0  0.0  0.0  0.0  0.8846153846153846  0.0  0.0  0.0  0.0  0.0  0.0  0.0  0.0  

0.0  0.0  0.041666666666666664  0.0  0.0  0.0  0.0  0.0  0.041666666666666664  0.041666666666666664  0.0  0.0  0.0  0.0  0.0  0.0  0.0  0.0  0.0  0.0  0.0  0.0  0.0  0.0  0.0  0.0  0.0  0.0  0.0  0.08333333333333333  0.0  0.125  0.6666666666666666  0.0  0.0  0.0  0.0  0.0  0.0  0.0  

0.0  0.03125  0.0  0.0  0.0  0.0  0.0  0.0  0.0  0.0  0.0  0.0  0.0  0.0  0.0  0.0  0.0  0.0  0.0  0.0  0.0  0.0  0.0  0.0  0.0  0.0  0.0  0.0  0.0  0.0  0.0  0.0  0.0  0.96875  0.0  0.0  0.0  0.0  0.0  0.0  

0.0  0.0  0.0  0.0  0.0  0.0  0.0  0.0  0.0  0.0  0.0  0.0  0.0  0.0  0.0  0.0  0.0  0.0  0.0  0.0  0.0  0.0  0.0  0.0  0.0  0.0  0.0  0.0  0.0  0.0  0.0  0.0  0.0  0.0  1.0  0.0  0.0  0.0  0.0  0.0  

0.0  0.0  0.0  0.0  0.0  0.0  0.0  0.0  0.0  0.0  0.0  0.0  0.0  0.0  0.0  0.038461538461538464  0.07692307692307693  0.0  0.0  0.0  0.0  0.0  0.038461538461538464  0.0  0.0  0.0  0.0  0.0  0.0  0.0  0.0  0.0  0.0  0.0  0.0  0.8076923076923077  0.038461538461538464  0.0  0.0  0.0  

0.0  0.0  0.0  0.0  0.0  0.0  0.0  0.0  0.0  0.0  0.0  0.0  0.0  0.0  0.0  0.0  0.0  0.0  0.0  0.0  0.0  0.0  0.0  0.0  0.0  0.0  0.0  0.0  0.0  0.0  0.0  0.0  0.0  0.0  0.0  0.0  1.0  0.0  0.0  0.0  

0.0  0.0  0.0  0.0  0.0  0.0  0.0  0.0  0.0  0.0  0.0  0.0  0.0  0.0  0.0  0.0  0.0  0.07142857142857142  0.0  0.0  0.0  0.0  0.0  0.0  0.0  0.0  0.03571428571428571  0.0  0.0  0.0  0.0  0.0  0.0  0.0  0.0  0.0  0.0  0.8928571428571429  0.0  0.0  

0.0  0.038461538461538464  0.0  0.0  0.0  0.0  0.0  0.0  0.0  0.0  0.0  0.0  0.0  0.0  0.0  0.0  0.0  0.0  0.0  0.0  0.0  0.0  0.0  0.0  0.0  0.0  0.0  0.0  0.0  0.0  0.0  0.0  0.0  0.0  0.0  0.0  0.0  0.0  0.9615384615384616  0.0  

0.0  0.0  0.17391304347826086  0.0  0.0  0.0  0.0  0.0  0.0  0.0  0.0  0.0  0.0  0.0  0.0  0.0  0.0  0.13043478260869565  0.0  0.0  0.043478260869565216  0.0  0.0  0.0  0.0  0.08695652173913043  0.0  0.0  0.0  0.0  0.0  0.0  0.0  0.0  0.0  0.0  0.0  0.0  0.0  0.5652173913043478  

